1758308148590 99.99953012852035 0 d831dcf83826454d841d41bc0d401950
1758308148590 99.99953012852035 0 d831dcf83826454d841d41bc0d401950
1758308153054 99.99953013356708 0 d831dcf83826454d841d41bc0d401950
1758308148590 99.99953012852035 0 d831dcf83826454d841d41bc0d401950
1758308148590 99.99953012852035 0 d831dcf83826454d841d41bc0d401950
1758308153054 99.99953013356708 0 d831dcf83826454d841d41bc0d401950
1758308156939 99.99953013550082 0 d831dcf83826454d841d41bc0d401950
1758308156939 99.99953013550082 0 d831dcf83826454d841d41bc0d401950
1758308148590 99.99953012852035 0 d831dcf83826454d841d41bc0d401950
1758308148590 99.99953012852035 0 d831dcf83826454d841d41bc0d401950
1758308153054 99.99953013356708 0 d831dcf83826454d841d41bc0d401950
1758308148590 99.99953012852035 0 d831dcf83826454d841d41bc0d401950
1758308148590 99.99953012852035 0 d831dcf83826454d841d41bc0d401950
1758308153054 99.99953013356708 0 d831dcf83826454d841d41bc0d401950
1758308156939 99.99953013550082 0 d831dcf83826454d841d41bc0d401950
1758308156939 99.99953013550082 0 d831dcf83826454d841d41bc0d401950
1758308161054 99.9999960941988 0 d831dcf83826454d841d41bc0d401950
1758308161054 99.9999960941988 0 d831dcf83826454d841d41bc0d401950
1758308161054 99.9999960941988 0 d831dcf83826454d841d41bc0d401950
1758308148590 99.99953012852035 0 d831dcf83826454d841d41bc0d401950
1758308148590 99.99953012852035 0 d831dcf83826454d841d41bc0d401950
1758308153054 99.99953013356708 0 d831dcf83826454d841d41bc0d401950
1758308148590 99.99953012852035 0 d831dcf83826454d841d41bc0d401950
1758308148590 99.99953012852035 0 d831dcf83826454d841d41bc0d401950
1758308153054 99.99953013356708 0 d831dcf83826454d841d41bc0d401950
1758308156939 99.99953013550082 0 d831dcf83826454d841d41bc0d401950
1758308156939 99.99953013550082 0 d831dcf83826454d841d41bc0d401950
1758308148590 99.99953012852035 0 d831dcf83826454d841d41bc0d401950
1758308148590 99.99953012852035 0 d831dcf83826454d841d41bc0d401950
1758308153054 99.99953013356708 0 d831dcf83826454d841d41bc0d401950
1758308148590 99.99953012852035 0 d831dcf83826454d841d41bc0d401950
1758308148590 99.99953012852035 0 d831dcf83826454d841d41bc0d401950
1758308153054 99.99953013356708 0 d831dcf83826454d841d41bc0d401950
1758308156939 99.99953013550082 0 d831dcf83826454d841d41bc0d401950
1758308156939 99.99953013550082 0 d831dcf83826454d841d41bc0d401950
1758308161054 99.9999960941988 0 d831dcf83826454d841d41bc0d401950
1758308161054 99.9999960941988 0 d831dcf83826454d841d41bc0d401950
1758308161054 99.9999960941988 0 d831dcf83826454d841d41bc0d401950
1758308165419 99.9999962332609 0 d831dcf83826454d841d41bc0d401950
1758308165419 99.9999962332609 0 d831dcf83826454d841d41bc0d401950
1758308165419 99.9999962332609 0 d831dcf83826454d841d41bc0d401950
1758308165419 99.9999962332609 0 d831dcf83826454d841d41bc0d401950
1758308148590 99.99953012852035 0 d831dcf83826454d841d41bc0d401950
1758308148590 99.99953012852035 0 d831dcf83826454d841d41bc0d401950
1758308153054 99.99953013356708 0 d831dcf83826454d841d41bc0d401950
1758308148590 99.99953012852035 0 d831dcf83826454d841d41bc0d401950
1758308148590 99.99953012852035 0 d831dcf83826454d841d41bc0d401950
1758308153054 99.99953013356708 0 d831dcf83826454d841d41bc0d401950
1758308156939 99.99953013550082 0 d831dcf83826454d841d41bc0d401950
1758308156939 99.99953013550082 0 d831dcf83826454d841d41bc0d401950
1758308148590 99.99953012852035 0 d831dcf83826454d841d41bc0d401950
1758308148590 99.99953012852035 0 d831dcf83826454d841d41bc0d401950
1758308153054 99.99953013356708 0 d831dcf83826454d841d41bc0d401950
1758308148590 99.99953012852035 0 d831dcf83826454d841d41bc0d401950
1758308148590 99.99953012852035 0 d831dcf83826454d841d41bc0d401950
1758308153054 99.99953013356708 0 d831dcf83826454d841d41bc0d401950
1758308156939 99.99953013550082 0 d831dcf83826454d841d41bc0d401950
1758308156939 99.99953013550082 0 d831dcf83826454d841d41bc0d401950
1758308161054 99.9999960941988 0 d831dcf83826454d841d41bc0d401950
1758308161054 99.9999960941988 0 d831dcf83826454d841d41bc0d401950
1758308161054 99.9999960941988 0 d831dcf83826454d841d41bc0d401950
1758308148590 99.99953012852035 0 d831dcf83826454d841d41bc0d401950
1758308148590 99.99953012852035 0 d831dcf83826454d841d41bc0d401950
1758308153054 99.99953013356708 0 d831dcf83826454d841d41bc0d401950
1758308148590 99.99953012852035 0 d831dcf83826454d841d41bc0d401950
1758308148590 99.99953012852035 0 d831dcf83826454d841d41bc0d401950
1758308153054 99.99953013356708 0 d831dcf83826454d841d41bc0d401950
1758308156939 99.99953013550082 0 d831dcf83826454d841d41bc0d401950
1758308156939 99.99953013550082 0 d831dcf83826454d841d41bc0d401950
1758308148590 99.99953012852035 0 d831dcf83826454d841d41bc0d401950
1758308148590 99.99953012852035 0 d831dcf83826454d841d41bc0d401950
1758308153054 99.99953013356708 0 d831dcf83826454d841d41bc0d401950
1758308148590 99.99953012852035 0 d831dcf83826454d841d41bc0d401950
1758308148590 99.99953012852035 0 d831dcf83826454d841d41bc0d401950
1758308153054 99.99953013356708 0 d831dcf83826454d841d41bc0d401950
1758308156939 99.99953013550082 0 d831dcf83826454d841d41bc0d401950
1758308156939 99.99953013550082 0 d831dcf83826454d841d41bc0d401950
1758308161054 99.9999960941988 0 d831dcf83826454d841d41bc0d401950
1758308161054 99.9999960941988 0 d831dcf83826454d841d41bc0d401950
1758308161054 99.9999960941988 0 d831dcf83826454d841d41bc0d401950
1758308165419 99.9999962332609 0 d831dcf83826454d841d41bc0d401950
1758308165419 99.9999962332609 0 d831dcf83826454d841d41bc0d401950
1758308165419 99.9999962332609 0 d831dcf83826454d841d41bc0d401950
1758308165419 99.9999962332609 0 d831dcf83826454d841d41bc0d401950
1758308169974 99.99999670531247 0 d831dcf83826454d841d41bc0d401950
1758308169974 99.99999670531247 0 d831dcf83826454d841d41bc0d401950
1758308169974 99.99999670531247 0 d831dcf83826454d841d41bc0d401950
1758308169974 99.99999670531247 0 d831dcf83826454d841d41bc0d401950
1758308169974 99.99999670531247 0 d831dcf83826454d841d41bc0d401950
1758308174619 99.99999889813176 0 d831dcf83826454d841d41bc0d401950
1758308179992 99.9999997852067 0 d831dcf83826454d841d41bc0d401950
1758308186207 99.99999980231075 0 d831dcf83826454d841d41bc0d401950
1758308193960 99.99999935020976 0 d831dcf83826454d841d41bc0d401950
1758308205610 99.99999935020976 0 d831dcf83826454d841d41bc0d401950
1758308224542 99.99999941005193 0 d831dcf83826454d841d41bc0d401950
1758308258316 99.99999941005193 0 d831dcf83826454d841d41bc0d401950
