1758308148590 21.746921521779083 0 d831dcf83826454d841d41bc0d401950
1758308148590 21.746921521779083 0 d831dcf83826454d841d41bc0d401950
1758308153054 21.918458616675856 0 d831dcf83826454d841d41bc0d401950
1758308148590 21.746921521779083 0 d831dcf83826454d841d41bc0d401950
1758308148590 21.746921521779083 0 d831dcf83826454d841d41bc0d401950
1758308153054 21.918458616675856 0 d831dcf83826454d841d41bc0d401950
1758308156939 22.789928321999632 0 d831dcf83826454d841d41bc0d401950
1758308156939 22.789928321999632 0 d831dcf83826454d841d41bc0d401950
1758308148590 21.746921521779083 0 d831dcf83826454d841d41bc0d401950
1758308148590 21.746921521779083 0 d831dcf83826454d841d41bc0d401950
1758308153054 21.918458616675856 0 d831dcf83826454d841d41bc0d401950
1758308148590 21.746921521779083 0 d831dcf83826454d841d41bc0d401950
1758308148590 21.746921521779083 0 d831dcf83826454d841d41bc0d401950
1758308153054 21.918458616675856 0 d831dcf83826454d841d41bc0d401950
1758308156939 22.789928321999632 0 d831dcf83826454d841d41bc0d401950
1758308156939 22.789928321999632 0 d831dcf83826454d841d41bc0d401950
1758308161054 27.05385039514795 0 d831dcf83826454d841d41bc0d401950
1758308161054 27.05385039514795 0 d831dcf83826454d841d41bc0d401950
1758308161054 27.05385039514795 0 d831dcf83826454d841d41bc0d401950
1758308165419 26.975739753721744 0 d831dcf83826454d841d41bc0d401950
1758308169974 27.877841083134232 0 d831dcf83826454d841d41bc0d401950
1758308174619 27.63738283403786 0 d831dcf83826454d841d41bc0d401950
1758308179992 27.99424125467132 0 d831dcf83826454d841d41bc0d401950
1758308186207 28.027936041168903 0 d831dcf83826454d841d41bc0d401950
1758308193960 28.12748881945721 0 d831dcf83826454d841d41bc0d401950
1758308205610 28.12748881945721 0 d831dcf83826454d841d41bc0d401950
1758308224542 27.836488390614473 0 d831dcf83826454d841d41bc0d401950
1758308258316 27.836488390614473 0 d831dcf83826454d841d41bc0d401950
